"","V1","V2","V3","V4","V5","V6"
"1",1,0.0788599462923594,0.190675307730678,-0.048807362744119,0.0558544076653197,-0.0784176531983539
"2",0.0788599462923594,1,-0.0882120436751284,0.194198613957036,0.0320889328899793,0.145039484270848
"3",0.190675307730678,-0.0882120436751284,1,0.150879124388564,0.114818021848332,-0.0618031914234161
"4",-0.048807362744119,0.194198613957036,0.150879124388564,1,-0.0372693914594129,0.150203170983121
"5",0.0558544076653197,0.0320889328899793,0.114818021848332,-0.0372693914594129,1,0.121942591021303
"6",-0.0784176531983539,0.145039484270848,-0.0618031914234161,0.150203170983121,0.121942591021303,1
